30 30
0 1
0 2
0 3
0 5
0 6
0 7
0 9
0 12
0 14
0 18
0 19
0 24
0 25
0 26
0 28
1 1
1 5
1 6
1 7
1 9
1 11
1 14
1 18
1 26
2 0
2 1
2 3
2 5
2 8
2 9
2 11
2 12
2 14
2 17
2 18
2 19
2 20
2 22
2 24
2 25
3 26
4 1
4 3
4 6
4 7
4 12
4 25
4 26
5 1
5 3
5 5
5 6
5 9
5 11
5 14
5 18
5 19
5 24
5 25
6 1
6 3
6 14
6 19
6 24
6 25
7 0
7 1
7 6
7 17
7 18
7 25
7 27
8 0
8 1
8 2
8 8
8 11
8 12
8 17
8 19
8 24
8 26
8 28
9 0
9 1
9 7
9 8
9 11
9 12
9 17
9 26
10 0
10 1
10 5
10 6
10 9
10 14
10 17
10 18
10 20
10 22
10 24
10 25
10 27
11 1
11 2
11 3
11 14
11 19
11 24
11 25
11 26
11 28
12 1
12 3
12 7
12 8
12 9
12 11
12 13
12 14
12 17
12 20
12 22
12 23
12 24
12 25
13 0
13 1
13 7
13 8
13 11
13 12
13 17
13 26
14 0
14 1
14 8
14 11
14 12
14 17
15 1
15 7
16 1
16 20
16 22
16 24
16 25
17 0
17 1
17 2
17 3
17 5
17 6
17 7
17 8
17 9
17 11
17 13
17 14
17 17
17 18
17 19
17 20
17 23
17 24
17 25
17 26
17 27
17 28
18 0
18 1
18 2
18 3
18 6
18 8
18 11
18 12
18 17
18 19
18 24
18 25
18 26
18 28
19 0
19 1
19 3
19 6
19 8
19 9
19 13
19 14
19 17
19 18
19 20
19 23
19 25
19 27
20 1
20 2
20 3
20 14
20 19
20 24
20 25
20 26
20 28
21 0
21 1
21 7
21 8
21 11
21 12
21 17
22 1
22 3
22 6
22 8
22 9
22 11
22 13
22 14
22 17
22 20
22 23
22 26
23 1
23 3
23 9
23 14
23 16
23 18
23 19
23 21
23 22
23 23
23 24
23 25
23 27
24 0
24 1
24 2
24 6
24 7
24 17
24 18
24 19
24 20
24 22
24 24
24 25
24 26
24 27
24 28
25 0
25 1
25 8
25 11
25 12
25 17
26 0
26 1
26 6
26 17
26 18
26 25
26 27
27 0
27 1
27 3
27 5
27 6
27 8
27 9
27 11
27 12
27 14
27 17
27 18
27 19
27 24
27 25
27 27
28 11
29 0
29 1
29 2
29 5
29 6
29 7
29 9
29 11
29 14
29 17
29 18
29 19
29 24
29 25
29 26
29 27
29 28
