53 107
0 4
0 7
0 32
0 63
0 89
0 93
0 94
0 100
0 102
0 104
0 9
0 12
0 13
0 16
0 18
0 21
0 23
0 25
0 28
0 31
0 38
0 39
0 43
0 46
0 47
0 50
0 51
0 54
0 59
0 61
0 65
0 67
0 70
0 71
0 73
0 87
1 6
1 8
1 32
1 64
1 89
1 91
1 97
1 99
1 102
1 105
1 10
1 12
1 13
1 16
1 18
1 21
1 23
1 25
1 28
1 31
1 35
1 40
1 44
1 45
1 47
1 50
1 51
1 53
1 57
1 61
1 65
1 67
1 70
1 71
1 73
1 75
2 6
2 8
2 33
2 64
2 88
2 91
2 97
2 99
2 102
2 104
2 10
2 11
2 13
2 16
2 18
2 21
2 23
2 27
2 29
2 31
2 37
2 41
2 43
2 45
2 47
2 50
2 51
2 55
2 56
2 61
2 65
2 67
2 70
2 71
2 73
2 85
3 1
3 8
3 32
3 64
3 89
3 92
3 95
3 98
3 102
3 104
3 10
3 11
3 14
3 17
3 19
3 21
3 23
3 25
3 29
3 31
3 37
3 41
3 43
3 45
3 47
3 50
3 51
3 55
3 56
3 61
3 65
3 67
3 70
3 71
3 73
3 82
4 3
4 8
4 34
4 64
4 89
4 90
4 95
4 98
4 102
4 105
4 10
4 11
4 15
4 17
4 20
4 21
4 23
4 25
4 29
4 31
4 37
4 41
4 43
4 45
4 47
4 50
4 51
4 55
4 56
4 61
4 65
4 67
4 70
4 71
4 73
4 76
5 6
5 7
5 32
5 63
5 89
5 91
5 97
5 98
5 101
5 106
5 10
5 11
5 14
5 17
5 19
5 21
5 23
5 26
5 29
5 31
5 37
5 41
5 43
5 45
5 47
5 50
5 51
5 55
5 56
5 60
5 66
5 67
5 70
5 71
5 73
5 81
6 2
6 7
6 32
6 62
6 88
6 92
6 95
6 99
6 102
6 106
6 9
6 11
6 14
6 17
6 19
6 21
6 23
6 25
6 29
6 31
6 37
6 41
6 43
6 45
6 47
6 50
6 51
6 55
6 56
6 61
6 65
6 67
6 70
6 71
6 73
6 82
7 6
7 8
7 32
7 64
7 89
7 92
7 96
7 99
7 102
7 104
7 10
7 11
7 14
7 17
7 19
7 21
7 23
7 25
7 28
7 31
7 35
7 39
7 44
7 45
7 47
7 50
7 51
7 55
7 56
7 61
7 65
7 67
7 70
7 71
7 73
7 77
8 6
8 8
8 33
8 64
8 89
8 93
8 95
8 99
8 101
8 105
8 10
8 11
8 13
8 16
8 18
8 21
8 23
8 25
8 28
8 31
8 37
8 41
8 43
8 45
8 47
8 49
8 51
8 55
8 56
8 61
8 65
8 67
8 70
8 71
8 73
8 78
9 0
9 8
9 34
9 64
9 89
9 92
9 95
9 98
9 103
9 106
9 9
9 11
9 14
9 17
9 19
9 21
9 23
9 25
9 29
9 31
9 37
9 41
9 43
9 45
9 47
9 50
9 51
9 55
9 56
9 61
9 65
9 67
9 70
9 71
9 73
9 77
10 6
10 7
10 32
10 62
10 89
10 91
10 97
10 98
10 101
10 106
10 10
10 11
10 14
10 17
10 19
10 21
10 23
10 25
10 28
10 31
10 35
10 40
10 43
10 46
10 47
10 50
10 51
10 53
10 58
10 61
10 65
10 67
10 70
10 71
10 73
10 82
11 6
11 8
11 32
11 62
11 89
11 93
11 94
11 99
11 101
11 105
11 10
11 11
11 14
11 17
11 19
11 21
11 23
11 25
11 29
11 31
11 37
11 41
11 43
11 45
11 47
11 50
11 51
11 55
11 56
11 61
11 65
11 67
11 70
11 71
11 73
11 74
12 5
12 7
12 32
12 62
12 89
12 93
12 94
12 98
12 101
12 106
12 10
12 11
12 14
12 17
12 19
12 21
12 23
12 25
12 29
12 31
12 37
12 41
12 43
12 45
12 47
12 50
12 51
12 55
12 56
12 61
12 65
12 67
12 70
12 71
12 73
12 74
13 1
13 8
13 32
13 64
13 89
13 90
13 94
13 99
13 101
13 105
13 10
13 11
13 14
13 17
13 19
13 21
13 23
13 25
13 29
13 31
13 37
13 41
13 43
13 45
13 47
13 50
13 51
13 55
13 56
13 61
13 65
13 67
13 70
13 71
13 73
13 82
14 1
14 7
14 32
14 64
14 89
14 91
14 94
14 99
14 101
14 106
14 10
14 11
14 14
14 17
14 19
14 21
14 23
14 25
14 29
14 31
14 37
14 41
14 43
14 45
14 47
14 50
14 51
14 55
14 56
14 61
14 65
14 67
14 70
14 71
14 73
14 74
15 6
15 8
15 32
15 64
15 89
15 92
15 97
15 98
15 101
15 104
15 10
15 11
15 14
15 17
15 19
15 21
15 23
15 25
15 28
15 31
15 35
15 40
15 43
15 46
15 47
15 50
15 51
15 53
15 58
15 61
15 65
15 67
15 70
15 71
15 73
15 82
16 3
16 8
16 32
16 64
16 89
16 91
16 97
16 99
16 102
16 105
16 10
16 11
16 14
16 17
16 19
16 22
16 23
16 25
16 29
16 31
16 37
16 41
16 43
16 45
16 47
16 50
16 51
16 55
16 56
16 61
16 65
16 67
16 70
16 71
16 73
16 77
17 3
17 7
17 32
17 64
17 88
17 91
17 94
17 100
17 101
17 106
17 9
17 11
17 13
17 16
17 18
17 21
17 23
17 25
17 28
17 31
17 36
17 40
17 43
17 46
17 47
17 50
17 51
17 54
17 59
17 61
17 65
17 67
17 70
17 71
17 73
17 84
18 4
18 7
18 32
18 63
18 89
18 93
18 94
18 100
18 102
18 106
18 9
18 12
18 13
18 16
18 18
18 21
18 23
18 25
18 28
18 31
18 38
18 39
18 43
18 46
18 47
18 50
18 51
18 54
18 59
18 61
18 65
18 67
18 70
18 71
18 73
18 87
19 6
19 8
19 32
19 64
19 89
19 93
19 96
19 99
19 102
19 105
19 10
19 11
19 14
19 17
19 19
19 21
19 23
19 25
19 28
19 31
19 35
19 39
19 44
19 45
19 47
19 50
19 51
19 55
19 56
19 61
19 65
19 67
19 70
19 71
19 73
19 77
20 1
20 7
20 34
20 64
20 89
20 92
20 96
20 98
20 102
20 106
20 10
20 11
20 15
20 17
20 20
20 22
20 23
20 25
20 29
20 31
20 37
20 41
20 43
20 45
20 47
20 50
20 51
20 55
20 56
20 61
20 65
20 67
20 70
20 71
20 73
20 76
21 1
21 7
21 32
21 64
21 89
21 91
21 96
21 99
21 102
21 106
21 10
21 11
21 14
21 17
21 19
21 21
21 23
21 25
21 29
21 31
21 37
21 41
21 43
21 45
21 47
21 50
21 51
21 55
21 56
21 61
21 65
21 67
21 70
21 71
21 73
21 74
22 3
22 7
22 32
22 64
22 89
22 91
22 97
22 100
22 103
22 106
22 10
22 11
22 14
22 17
22 19
22 22
22 23
22 25
22 29
22 31
22 37
22 41
22 43
22 45
22 47
22 50
22 51
22 55
22 56
22 61
22 65
22 67
22 70
22 71
22 73
22 77
23 3
23 8
23 34
23 64
23 88
23 93
23 94
23 99
23 101
23 104
23 10
23 11
23 13
23 16
23 18
23 21
23 23
23 27
23 29
23 31
23 37
23 41
23 43
23 45
23 47
23 50
23 51
23 55
23 56
23 61
23 65
23 67
23 70
23 71
23 73
23 85
24 6
24 8
24 32
24 62
24 89
24 93
24 94
24 98
24 101
24 106
24 10
24 12
24 13
24 16
24 18
24 21
24 23
24 25
24 29
24 31
24 37
24 42
24 43
24 45
24 47
24 50
24 51
24 55
24 56
24 60
24 65
24 68
24 70
24 71
24 73
24 86
25 5
25 8
25 32
25 62
25 89
25 93
25 94
25 98
25 101
25 105
25 10
25 11
25 14
25 17
25 19
25 21
25 23
25 25
25 28
25 31
25 35
25 40
25 43
25 46
25 47
25 50
25 51
25 53
25 58
25 61
25 65
25 67
25 70
25 71
25 73
25 82
26 6
26 7
26 32
26 62
26 88
26 91
26 97
26 98
26 101
26 106
26 9
26 11
26 13
26 16
26 18
26 21
26 23
26 25
26 28
26 30
26 35
26 40
26 44
26 46
26 47
26 50
26 51
26 53
26 57
26 61
26 65
26 67
26 70
26 71
26 73
26 75
27 2
27 7
27 32
27 64
27 89
27 91
27 97
27 99
27 102
27 106
27 10
27 11
27 14
27 17
27 19
27 22
27 23
27 25
27 28
27 31
27 35
27 39
27 44
27 45
27 47
27 50
27 51
27 55
27 56
27 61
27 65
27 67
27 70
27 71
27 73
27 77
28 6
28 8
28 32
28 64
28 89
28 93
28 94
28 99
28 101
28 105
28 10
28 11
28 14
28 17
28 19
28 21
28 23
28 25
28 29
28 31
28 37
28 41
28 43
28 45
28 47
28 50
28 51
28 55
28 56
28 61
28 65
28 67
28 70
28 71
28 73
28 82
29 1
29 8
29 32
29 64
29 88
29 91
29 94
29 99
29 101
29 104
29 10
29 11
29 14
29 17
29 20
29 21
29 24
29 25
29 29
29 31
29 37
29 41
29 43
29 45
29 47
29 50
29 51
29 55
29 56
29 61
29 65
29 67
29 70
29 71
29 73
29 76
30 2
30 8
30 32
30 64
30 88
30 92
30 94
30 99
30 101
30 105
30 10
30 11
30 14
30 17
30 20
30 22
30 23
30 25
30 29
30 31
30 37
30 41
30 43
30 45
30 47
30 50
30 51
30 55
30 56
30 61
30 65
30 67
30 70
30 71
30 73
30 76
31 0
31 7
31 32
31 63
31 89
31 92
31 94
31 99
31 101
31 104
31 9
31 12
31 13
31 16
31 18
31 21
31 23
31 25
31 28
31 31
31 38
31 39
31 43
31 46
31 47
31 50
31 51
31 54
31 59
31 61
31 65
31 67
31 70
31 71
31 73
31 87
32 6
32 8
32 32
32 62
32 89
32 93
32 94
32 98
32 101
32 105
32 10
32 11
32 14
32 17
32 19
32 21
32 23
32 25
32 29
32 31
32 37
32 41
32 43
32 45
32 47
32 50
32 51
32 55
32 56
32 61
32 65
32 67
32 70
32 71
32 73
32 74
33 4
33 7
33 32
33 64
33 89
33 91
33 97
33 99
33 101
33 106
33 10
33 11
33 14
33 17
33 19
33 22
33 23
33 25
33 29
33 31
33 37
33 41
33 43
33 45
33 47
33 50
33 51
33 55
33 56
33 61
33 65
33 67
33 70
33 71
33 73
33 77
34 5
34 8
34 32
34 64
34 89
34 93
34 95
34 99
34 102
34 106
34 9
34 11
34 13
34 16
34 18
34 21
34 23
34 25
34 28
34 31
34 35
34 39
34 44
34 46
34 47
34 50
34 51
34 55
34 59
34 61
34 65
34 67
34 70
34 71
34 73
34 80
35 3
35 8
35 34
35 64
35 89
35 91
35 94
35 98
35 102
35 105
35 10
35 11
35 15
35 17
35 20
35 22
35 23
35 25
35 29
35 31
35 37
35 41
35 43
35 45
35 47
35 50
35 51
35 55
35 56
35 61
35 65
35 67
35 70
35 71
35 73
35 76
36 1
36 8
36 33
36 64
36 89
36 93
36 96
36 99
36 101
36 106
36 10
36 11
36 13
36 16
36 18
36 21
36 23
36 25
36 28
36 31
36 37
36 41
36 43
36 45
36 47
36 49
36 51
36 55
36 56
36 61
36 65
36 67
36 70
36 71
36 73
36 78
37 6
37 8
37 32
37 62
37 89
37 93
37 97
37 98
37 101
37 105
37 10
37 11
37 14
37 17
37 19
37 21
37 23
37 25
37 29
37 31
37 37
37 41
37 43
37 45
37 47
37 50
37 51
37 55
37 56
37 61
37 65
37 67
37 70
37 71
37 73
37 74
38 6
38 7
38 32
38 62
38 89
38 91
38 96
38 98
38 102
38 106
38 10
38 11
38 14
38 17
38 19
38 21
38 23
38 25
38 29
38 31
38 37
38 41
38 43
38 45
38 47
38 50
38 51
38 55
38 56
38 61
38 65
38 67
38 70
38 71
38 73
38 74
39 5
39 8
39 32
39 64
39 89
39 91
39 97
39 99
39 102
39 104
39 10
39 12
39 13
39 16
39 18
39 21
39 23
39 25
39 28
39 31
39 35
39 40
39 44
39 45
39 47
39 50
39 51
39 53
39 57
39 60
39 66
39 67
39 69
39 72
39 73
39 75
40 6
40 8
40 33
40 64
40 89
40 91
40 96
40 99
40 102
40 104
40 10
40 11
40 13
40 16
40 18
40 21
40 23
40 25
40 28
40 31
40 37
40 41
40 43
40 45
40 47
40 49
40 51
40 55
40 56
40 61
40 65
40 67
40 70
40 71
40 73
40 78
41 2
41 7
41 32
41 62
41 89
41 91
41 94
41 99
41 101
41 106
41 10
41 11
41 15
41 17
41 19
41 21
41 23
41 26
41 29
41 31
41 37
41 41
41 43
41 45
41 47
41 50
41 51
41 55
41 56
41 60
41 66
41 67
41 70
41 71
41 73
41 81
42 5
42 7
42 34
42 62
42 89
42 92
42 96
42 98
42 103
42 105
42 10
42 11
42 14
42 17
42 19
42 21
42 23
42 25
42 29
42 31
42 37
42 41
42 43
42 45
42 47
42 50
42 51
42 55
42 56
42 60
42 65
42 68
42 70
42 71
42 73
42 74
43 3
43 8
43 34
43 64
43 89
43 92
43 96
43 99
43 103
43 106
43 10
43 11
43 14
43 17
43 19
43 21
43 23
43 25
43 29
43 31
43 37
43 41
43 43
43 45
43 47
43 50
43 51
43 55
43 56
43 61
43 65
43 67
43 70
43 71
43 73
43 77
44 6
44 8
44 33
44 62
44 88
44 92
44 96
44 99
44 102
44 105
44 9
44 11
44 13
44 16
44 18
44 21
44 23
44 25
44 28
44 31
44 37
44 42
44 43
44 45
44 47
44 48
44 52
44 55
44 59
44 61
44 65
44 67
44 70
44 71
44 73
44 79
45 1
45 7
45 32
45 64
45 89
45 91
45 94
45 99
45 101
45 106
45 10
45 11
45 14
45 17
45 19
45 21
45 23
45 25
45 29
45 31
45 37
45 41
45 43
45 45
45 47
45 50
45 51
45 55
45 56
45 61
45 65
45 67
45 70
45 71
45 73
45 82
46 5
46 8
46 32
46 64
46 89
46 93
46 95
46 98
46 102
46 105
46 10
46 11
46 14
46 17
46 19
46 21
46 23
46 25
46 28
46 31
46 35
46 40
46 43
46 46
46 47
46 50
46 51
46 53
46 58
46 61
46 65
46 67
46 70
46 71
46 73
46 82
47 2
47 8
47 34
47 64
47 89
47 93
47 96
47 98
47 102
47 105
47 10
47 11
47 15
47 17
47 20
47 22
47 23
47 25
47 29
47 31
47 37
47 41
47 43
47 45
47 47
47 50
47 51
47 55
47 56
47 61
47 65
47 67
47 70
47 71
47 73
47 76
48 3
48 8
48 33
48 62
48 88
48 93
48 96
48 98
48 101
48 104
48 10
48 11
48 14
48 17
48 19
48 22
48 23
48 25
48 29
48 31
48 37
48 41
48 43
48 45
48 47
48 50
48 51
48 55
48 56
48 61
48 65
48 67
48 70
48 71
48 73
48 83
49 6
49 8
49 33
49 62
49 88
49 91
49 97
49 99
49 101
49 106
49 9
49 11
49 13
49 16
49 18
49 21
49 23
49 25
49 28
49 31
49 37
49 42
49 43
49 45
49 47
49 48
49 52
49 55
49 59
49 61
49 65
49 67
49 70
49 71
49 73
49 79
50 2
50 8
50 32
50 63
50 88
50 92
50 96
50 98
50 102
50 106
50 10
50 11
50 13
50 16
50 18
50 21
50 23
50 27
50 29
50 31
50 37
50 41
50 43
50 45
50 47
50 50
50 51
50 55
50 56
50 61
50 65
50 67
50 70
50 71
50 73
50 85
51 5
51 8
51 32
51 64
51 89
51 92
51 96
51 98
51 102
51 106
51 10
51 12
51 13
51 16
51 18
51 21
51 23
51 25
51 28
51 31
51 37
51 42
51 43
51 45
51 47
51 50
51 51
51 53
51 58
51 60
51 65
51 68
51 70
51 71
51 73
51 86
52 4
52 8
52 32
52 63
52 88
52 90
52 95
52 99
52 102
52 104
52 10
52 11
52 15
52 17
52 19
52 21
52 23
52 26
52 29
52 31
52 37
52 41
52 43
52 45
52 47
52 50
52 51
52 55
52 56
52 60
52 66
52 67
52 70
52 71
52 73
52 81
